Average processing time per image: 0.0002 seconds
Individual times (seconds):
0.0011
0.0002
0.0002
0.0001
0.0002
0.0002
0.0002
0.0002
0.0002
0.0002
0.0002
0.0002
0.0002
0.0002
0.0002
0.0002
0.0002
0.0002
0.0003
0.0002
0.0003
0.0002
0.0002
0.0003
0.0002
0.0002
0.0002
0.0002
0.0002
0.0002
0.0002
0.0002
0.0002
0.0002
0.0003
0.0002
0.0001
0.0002
0.0002
0.0002
0.0002
0.0002
0.0002
0.0002
0.0002
0.0002
0.0002
0.0003
0.0002
0.0002
0.0002
0.0003
0.0003
0.0003
0.0003
0.0002
0.0002
0.0002
0.0002
0.0002
0.0002
0.0003
0.0001
0.0002
0.0002
0.0002
0.0003
0.0002
0.0003
0.0003
0.0002
0.0002
0.0002
0.0002
0.0002
0.0001
0.0002
0.0002
0.0001
0.0001
0.0002
0.0003
0.0003
0.0003
0.0003
0.0002
0.0002
0.0003
0.0003
0.0003
0.0003
0.0003
0.0003
0.0003
0.0003
0.0003
0.0003
0.0003
0.0003
0.0003
0.0003
0.0002
0.0003
0.0002
0.0002
0.0002
0.0003
0.0002
0.0003
0.0003
0.0003
0.0003
0.0002
0.0003
0.0003
0.0002
0.0002
0.0002
