Average processing time per image: 0.0017 seconds
Individual times (seconds):
0.0058
0.0040
0.0031
0.0031
0.0022
0.0033
0.0024
0.0028
0.0022
0.0015
0.0015
0.0017
0.0016
0.0014
0.0015
0.0016
0.0015
0.0015
0.0017
0.0015
0.0017
0.0015
0.0018
0.0016
0.0014
0.0016
0.0018
0.0015
0.0019
0.0017
0.0015
0.0014
0.0014
0.0014
0.0017
0.0015
0.0014
0.0015
0.0015
0.0014
0.0016
0.0015
0.0015
0.0015
0.0015
0.0014
0.0014
0.0015
0.0015
0.0016
0.0014
0.0016
0.0017
0.0016
0.0017
0.0015
0.0015
0.0014
0.0015
0.0015
0.0016
0.0016
0.0014
0.0015
0.0017
0.0016
0.0017
0.0014
0.0015
0.0017
0.0015
0.0016
0.0018
0.0014
0.0014
0.0016
0.0019
0.0014
0.0016
0.0015
0.0015
0.0017
0.0016
0.0015
0.0017
0.0015
0.0016
0.0018
0.0018
0.0017
0.0017
0.0017
0.0015
0.0017
0.0017
0.0017
0.0017
0.0017
0.0019
0.0015
0.0017
0.0016
0.0017
0.0015
0.0017
0.0017
0.0017
0.0019
0.0019
0.0017
0.0017
0.0018
0.0018
0.0019
0.0017
0.0017
0.0016
0.0017
